# Created by Octave 4.0.2, Wed Jun 07 22:48:42 2017 CEST <alvin@510S>
# name: AllAkurasi
# type: matrix
# rows: 10
# columns: 2
 1 0.2857142857142857
 1 0.2857142857142857
 1 0.2857142857142857
 1 0.2857142857142857
 1 0.4285714285714285
 1 0.4285714285714285
 1 0.2857142857142857
 1 0.2857142857142857
 1 0.4285714285714285
 1 0.5714285714285714


