# Created by Octave 4.0.2, Thu Jun 08 01:01:44 2017 CEST <alvin@510S>
# name: P0
# type: matrix
# rows: 3
# columns: 3
 3 1 1
 2 1 1
 1 2 1


# name: P1
# type: matrix
# rows: 8
# columns: 3
 3 3 2
 3 2 2
 3 2 1
 2 3 2
 2 2 2
 2 2 1
 1 3 2
 1 1 2


# name: JP0
# type: scalar
3


# name: JP1
# type: scalar
8


# name: TMD0
# type: scalar
3.414213562373095


# name: TMD1
# type: scalar
8.414213562373096


# name: m
# type: scalar
3


